47164
38161
7644
62656
12158
96571
12243
32841
107728
94925
108635
83156
80270
81342
130595
83394
36818
46782
99206
53239
55562
126751
80377
83331
46758
20764
125279
7878
27501
9361
134882
82361
21630
39671
56512
30524
39388
53828
60625
83329
7351
131220
117220
79945
99744
68084
15573
51939
11346
57022
15030
55885
104705
88086
115705
78312
99131
60442
70567
119212
93408
39793
33248
49227
43958
136455
123303
98787
27616
53524
27778
61045
31066
98225
77719
50866
101277
116378
56018
72331
18166
125496
126447
48645
84527
97844
46803
9247
95481
118779
100434
92453
83543
18106
17269
105226
46282
103514
28128
77642
129264
105052
120553
56738
13811
17592
134358
137299
133637
36249
130826
12283
66631
108534
59209
7408
72494
28332
136447
28232
103219
40685
29041
131522
86639
74087
20939
2645
85155
125558
72559
81270
55261
94349
138149
83811
8991
58462
102874
16626
118288
51196
11531
25078
111415
76592
27462
94185
137240
36854
33976
26238
87592
137520
36380
39924
11136
79644
2478
44885
74296
39943
5249
70348
12194
88791
108828
120321
41237
119203
135645
104189
125676
93009
5874
1783
114054
33304
132682
127889
25265
43428
65223
98623
17245
68027
63906
21349
31557
28744
33783
127602
28057
94638
119178
27141
58160
19723
132241
49684
19726
50290
115846
30071
89346
81102
26102
100673
112434
52501
57679
1158
119856
13594
79317
71527
10285
123986
88447
119397
36510
79384
28154
129980
86175
110369
102057
58807
127330
105384
71592
36324
43707
70485
111930
13518
81788
64684
108189
38584
6234
97430
65452
81742
112010
79032
102069
52153
136734
114622
16103
112525
135381
61961
94085
5074
42490
56215
112960
81841
120108
81438
80372
26142
44637
15557
69733
54383
91348
95014
96019
107044
36334
61812
62657
137380
26768
126568
119714
1120
9549
32456
54436
98921
55322
109521
45996
76212
133404
5734
100285
89696
20450
35782
28307
3938
37462
33145
44210
128193
98444
70264
82129
109832
3623
919
87205
49132
99651
111390
34810
77202
21165
6733
45402
131571
29320
67597
17427
81632
29531
30385
75053
10955
21385
13324
36940
63291
127018
96124
74130
132043
127303
129485
35202
125832
7073
60235
82613
115525
132343
2256
119118
63822
5752
70381
33734
122924
100065
71541
53150
50872
48475
55695
11697
48717
112
51918
50937
26167
101935
128455
46153
20142
32391
71280
10805
108622
21994
46581
121108
84155
102318
132055
105399
86750
113477
14631
58326
69563
21769
12375
62285
79771
30516
99791
32428
3487
37328
115795
47292
102848
132611
123022
57499
90171
130864
136986
82548
73686
67898
84744
53956
68216
26807
11426
46357
100619
6057
37698
102084
11072
101573
109956
134688
73540
124093
40560
27429
100084
95132
61903
89485
120337
64351
24913
92751
40906
95318
116813
27979
12786
16741
9105
73334
48642
130876
119585
97391
128145
127200
94877
30346
1015
87807
92019
4597
96608
96334
116562
14858
106776
70526
76775
62323
103408
105943
24387
100545
90772
132528
114388
83609
104246
119273
79071
83215
66867
80798
117892
121185
10346
21090
45492
115782
16167
137883
74645
107287
92583
30607
46838
48282
9071
80834
75165
85832
138442
72000
53335
106432
40319
41992
62586
94297
6905
113275
39794
23807
96974
3808
60186
90992
131157
73737
40794
14210
60295
15281
50229
11479
13233
32134
120060
80549
85801
103141
18691
86210
11720
121887
21896
122917
13498
47004
62510
38105
52281
48036
47882
24699
72660
97555
26895
58357
133928
9591
9863
120120
56477
17012
77708
118637
57366
120292
107188
96866
69022
79192
52584
87198
41646
11762
70783
100366
62058
53687
22796
19774
110432
95862
105610
79087
80101
25196
118894
15079
88203
59818
135772
468
59208
73657
3939
17622
55006
124293
134398
32932
68240
106800
47642
45717
99241
16212
134039
40457
105346
115183
103324
131434
921
118504
128266
65209
17106
126423
64914
93224
23381
118879
1444
134709
53564
40009
128382
73761
84275
19115
114740
11267
108141
61717
5276
43945
47726
123209
53667
11148
39958
93582
6893
44022
66701
41639
34929
22893
92352
32221
107451
102481
37550
23769
41478
99564
76624
99087
9468
106198
36847
66643
62407
125144
98189
70701
73975
28113
10571
46051
72460
80413
84426
63293
71046
4693
33618
125325
519
7576
15366
24222
21069
23662
108478
98598
45922
51491
32718
58020
75777
135177
5860
98434
83804
61729
35248
622
35563
126021
21880
9455
864
122613
124445
87079
27869
9881
129766
62085
93206
21820
1999
61101
6591
53643
8746
90574
83562
114100
48002
30620
73733
14905
92032
47735
42582
57534
67786
48176
88781
43211
76812
78252
100348
13981
123979
63784
131725
4512
127858
137185
81764
69138
17280
99147
120197
36966
51366
34891
33161
90150
41467
100437
90715
99254
4746
72146
106158
56635
21335
136107
78172
60868
40259
72330
110491
107070
38977
84915
42857
138088
104564
63238
123191
27047
9988
85624
110038
9543
102801
84560
9546
55904
96325
18749
24182
65160
109344
2594
92996
46700
12713
94204
120791
66736
34937
88905
128304
102578
92639
77983
93165
25760
116072
42823
33322
366
90641
38481
33150
114805
47227
126869
113246
86294
53559
4285
3601
76865
78654
83434
8333
99156
35775
124878
41592
106347
111647
59512
95449
100120
113518
75546
59265
32174
53563
134240
104277
76339
109355
73382
96524
25119
29769
128662
99595
98831
53395
28627
71057
48867
76408
117501
38319
124504
122022
22964
15461
102383
87317
34990
32177
19992
98614
101730
110108
91550
77692
67358
101289
131174
90299
66723
79871
51142
14579
10616
91115
39210
130339
106385
132214
91211
82545
116846
121246
79101
4201
105582
121599
74880
85426
35758
6381
19551
32331
8962
107976
83213
36935
119794
134001
102358
128325
48800
137238
94798
542
10335
16018
50082
27605
53359
134900
13525
13156
8276
115204
68456
33621
137402
91567
135703
96232
60326
61640
43977
109527
134457
71345
1038
66228
129863
99849
1620
5645
49470
111129
18259
135288
9292
26352
14224
124453
63838
123098
114165
2750
110865
125514
73364
73243
62363
73414
8731
101959
90068
20751
81706
7479
5857
49301
69994
17184
90343
44871
36797
83696
106529
114341
116973
100486
124462
47665
8442
116292
130582
20593
81382
79928
129697
65789
91740
99239
5175
37009
138071
86768
86526
47497
71856
75382
121005
30351
118835
48154
106185
128392
134941
23428
100291
15016
8686
61910
108307
3227
124567
75216
55799
7078
90066
89868
41059
25185
128728
12096
47873
84115
70198
112210
79457
86710
87949
106846
86845
50398
20903
16097
4562
62294
32517
128125
99230
18711
5180
104760
119536
118911
33509
23006
120280
44015
27977
87863
33738
120213
110382
72684
86455
14295
65078
124530
7076
108889
69517
93011
127628
112341
58277
98658
1050
90277
76433
119110
132118
91789
136707
828
133245
33448
133905
78666
32827
87114
118837
89291
79165
80586
22123
101176
2635
40526
129802
12506
3843
9241
105246
68438
24093
66576
32016
122867
39258
72101
119441
30781
56400
45644
25130
59989
79442
1623
91465
74308
79182
112110
27810
32173
28868
111836
124488
51407
96596
123246
12597
25182
101863
48870
114137
14925
121045
137011
93339
39257
132150
103544
14635
102251
96903
74033
116648
50701
97213
64052
20795
92432
36456
64232
78223
77523
84011
91744
29612
73632
86472
79250
81806
114039
28796
53263
92556
72542
63143
66808
18580
23160
95881
35313
83921
136476
25443
59445
51674
7417
70777
29384
39054
55428
14031
14994
54753
52551
84094
94845
48525
105128
56682
76381
55763
32025
109894
69653
5083
71416
131257
43744
21932
37388
21433
11142
33614
56112
130429
49142
19911
57223
131533
8163
41974
47232
85408
13463
48063
1466
53644
42595
104520
69967
77544
14213
61813
81786
109623
107622
130633
67281
123484
49970
65444
24376
71186
58220
79068
61857
125428
26631
44078
59640
649
26288
79598
47986
31449
134066
56812
117783
20000
25316
11253
37089
25168
28674
74378
1753
87373
13580
28486
83957
117664
71032
32046
31198
13197
106862
63687
10330
74845
37813
69367
126602
20932
99851
115612
21128
74453
51154
104861
105145
92540
130995
6259
65899
123668
114954
5566
118755
17629
90413
113568
117640
19423
14055
28444
135724
76243
9539
89909
17899
6416
53203
115720
78481
132632
18866
118780
105505
49444
57557
44273
9916
84381
52811
82145
82250
79575
75457
104057
90082
75699
32417
106864
94492
128303
14122
4358
125187
132745
25310
70212
68526
30993
33441
44288
53794
30323
19944
63067
93893
42374
124848
3724
38062
22010
94084
79924
53166
101479
7596
64714
7626
113198
82329
3257
25943
82996
58168
90208
136390
102003
32661
45371
59727
63162
8412
37293
115485
20617
99021
75909
25761
67001
137023
39017
12799
138365
65694
104942
36254
90178
50676
108438
12613
114669
46220
8964
133320
92012
22142
123726
77936
13400
72087
97987
1027
46708
108156
86684
12924
68157
38267
96516
52382
35489
44455
24245
16678
65535
51450
67360
103896
71774
29092
47675
103562
136402
111931
16842
14665
33690
50879
104799
64068
125506
34935
19824
44511
7609
80711
57675
112630
43441
13372
37279
25897
134592
23698
50076
48086
83569
26836
18007
105456
101510
135862
132925
34587
119398
71299
136669
34986
73299
9853
50659
106227
91177
113878
98959
91143
79941
72326
48451
108459
27489
38698
117049
82579
78566
66225
137265
40995
17684
129413
91662
85071
68126
68375
108204
76641
21792
55100
63811
113532
78245
60466
2401
10608
3363
75961
8490
106284
97359
82632
8035
30935
107597
77491
39719
26027
61177
32271
48662
74992
105723
20159
71362
27521
97221
95783
132605
44457
56614
16261
69165
43634
82293
136370
119095
77930
81374
62956
74049
61966
72965
23881
68801
62196
52155
47521
17572
134104
8459
44266
128753
46199
10425
5880
4193
44151
110683
60759
29777
31167
86451
108370
99939
28176
78246
15463
89655
28990
82047
114047
99066
137595
67017
121973
15270
944
60963
45563
8971
4646
56425
99557
65200
112174
133214
75229
14876
35141
15008
123221
136766
66990
24086
118745
49846
60948
54472
85064
121296
65589
136389
20077
1998
49369
138417
14137
133790
88398
95594
13212
118389
32556
11023
40870
104877
94274
96176
116918
66301
58257
89412
133838
31109
91183
46707
50535
66454
99612
56258
375
122433
20998
117959
61430
19980
23678
106924
7443
61031
90111
9164
128633
77507
10906
32259
120943
32102
112295
16113
124647
88450
26775
30545
67438
17273
72244
120072
12716
41990
88191
58749
29442
24490
36364
11247
133593
74873
79623
126622
82487
56043
87391
58886
112620
17632
112557
131160
98331
85739
79312
138425
23820
18447
11021
9088
70536
124029
117236
44157
101437
90521
82205
1355
55673
81744
82586
25431
104214
134266
129449
46191
100562
117864
94264
125049
137241
23981
66904
132252
21488
8470
118087
130262
4424
55163
107134
94100
6335
112877
30835
114897
30163
87926
123711
118935
110816
45679
34381
60910
90238
100902
2409
54246
28266
4312
54520
11931
128812
112194
89180
8439
25430
137587
21391
68919
99414
106292
44161
111688
109747
18379
27997
77123
30404
10636
127317
130977
48758
20334
48375
23
46989
8277
68867
37857
83622
9077
65755
69300
112589
59782
80320
54131
44162
48212
8151
100114
20695
105550
19518
17902
21561
124301
136410
30019
38180
66986
59195
3663
33605
26019
6134
45728
101811
74541
63577
113797
136620
33806
89367
20317
87755
84196
44793
109812
110051
109651
84274
129857
123202
35099
115233
65688
87149
15120
104577
108256
82906
124045
136891
6661
41602
26593
82739
126431
74719
45978
116763
127773
77270
129805
21503
80511
110538
127920
125233
96729
18793
132028
23974
27102
129292
53633
49166
81205
131052
97363
34213
47498
101974
134209
127525
58929
133025
120083
121716
53920
67275
80573
55143
67379
129057
21912
20219
52399
115246
138132
79292
7315
128675
6534
84924
36525
106938
72651
83617
4931
70476
85908
108856
77927
39121
130363
17534
8966
32602
11956
32267
82081
55399
137549
10523
92161
42017
17447
99641
127987
62218
16975
21675
44091
116035
12728
125395
25161
83325
100321
9303
102845
90616
1194
97227
38380
90464
111074
734
92357
133165
110877
88430
83920
137211
137152
130906
81781
1982
39853
46080
66414
114716
70746
121238
14416
74856
112137
72866
2882
84180
59574
104052
136467
118466
46497
103271
104084
77203
44915
101239
14521
6946
14522
59848
83118
23552
27764
108945
65862
92290
95598
134540
49445
131120
126380
87726
41203
96969
130369
13538
43485
62012
28339
111768
102288
137596
56480
4910
78055
65903
46462
90829
46561
42788
96609
5081
66104
86464
2206
20771
105663
106203
135992
135980
39023
42877
78010
49304
134362
116467
40874
65355
43262
61454
94592
20278
107310
99095
102588
116642
38177
3668
66485
138376
7628
36975
1305
55127
92172
84398
127916
25257
73876
22323
15446
87378
37000
12588
59457
27171
124536
107851
100901
93928
30007
119749
46879
32635
94489
40627
29067
11835
55634
113453
65969
124258
69282
72479
126488
14589
86465
32371
133854
24545
51830
17126
114296
28104
46489
1476
29068
99227
7353
42083
32788
54956
137319
45885
85633
112289
5983
123666
82477
45171
110844
33080
36106
985
44718
83246
104979
62558
48972
137517
36695
35032
62887
15267
113405
113785
16074
110771
22322
72771
115703
137160
96558
113929
68557
36791
57354
86470
84935
109221
3809
64443
111419
108703
90702
74691
42508
9839
112238
33963
119368
4069
94355
33678
98038
65822
89143
60487
125104
29397
33715
30706
66917
71551
127378
124600
65962
131577
17839
97712
28027
63853
56154
112712
37262
36970
87228
68469
137739
14857
43157
70452
40695
91286
18744
64882
6214
40571
126899
24109
46478
50206
61230
35995
31096
131433
112886
93964
82514
22752
31848
132001
31665
89388
125026
77683
78266
20740
105058
92423
49093
62746
94876
57832
18159
3511
59156
124678
92734
75745
112556
66202
15342
62535
122040
122750
15300
98000
87511
91494
9487
20566
78763
108917
41353
30860
35477
66984
32875
36395
110993
81708
89575
105812
40436
129163
82627
58983
32068
75012
101570
31948
56691
38186
81652
9257
111057
31123
36118
14681
75935
50943
60314
110798
97990
30686
136059
70620
119317
38661
27249
86850
115016
12955
66498
66495
62508
6326
127730
36282
41151
110620
80209
7555
15193
26749
92972
135085
6669
56599
372
962
51455
52504
37330
44849
136511
87582
44235
51287
81181
103629
75280
28093
41604
40097
29818
47971
80690
94575
29843
88703
110933
114402
7953
10580
97226
72643
81079
71141
68606
58341
109486
84078
34912
18823
63901
13307
98780
35430
92508
72537
73078
86782
84813
37410
39546
91862
34975
93990
86680
123741
107760
92968
130529
117329
44127
110473
137308
118849
59127
95006
64868
34868
82453
84151
133666
106785
127754
29480
18267
70547
116982
13419
109090
1789
118080
61579
52969
67481
74220
118170
121254
29577
73747
9365
75243
22554
129382
543
111797
4382
117521
125621
81543
3509
83034
27251
97231
28172
92328
76825
86492
26263
23077
92497
101347
51912
117717
46743
55109
99815
81130
91732
53139
26178
131528
94412
43587
66303
133184
28063
94129
6820
91697
44444
7230
41635
99759
125999
4037
87779
37868
74600
70135
133117
86164
121218
106091
110259
133992
89973
37443
102604
131451
91977
109452
48987
69690
96626
46005
22206
31347
89789
101721
111564
37085
131628
84827
25485
118321
59342
52735
103780
100718
82915
17755
33659
19618
81802
114333
72088
100688
117879
117081
85635
83701
55269
29795
23164
115057
42583
63338
51905
123509
18162
70629
127651
82963
45819
85166
104971
53176
93373
96217
125215
115568
51049
65277
71664
26354
7285
59354
31509
123535
112992
17524
3657
126697
3592
81160
118097
59252
44942
114153
113373
21833
38118
138283
25503
122423
128625
87658
106836
122904
113117
111386
70060
6583
47314
98170
132522
96784
42013
29128
102536
125316
129990
107207
77564
24928
66762
51524
77229
87065
66433
27849
46682
118435
128073
79111
119858
66041
16713
61595
98652
38596
37128
72130
32199
69262
15330
113153
88913
50916
54752
105991
41803
97245
54211
17772
93949
115372
40674
51321
112268
100097
10704
44428
133359
60035
111582
7234
87472
46421
66649
74286
137635
75761
125179
35422
13015
51379
55298
3480
23294
90834
7629
136017
131585
129004
28466
44431
9358
45619
129332
17457
25082
47181
135963
132744
116321
31989
26690
35509
107040
40737
94220
3331
13558
123563
131351
84632
13783
85577
39248
10782
17212
131584
790
103552
48280
52718
38919
78918
87162
23320
118642
102809
50017
83135
92219
58761
38773
84135
63884
56528
60933
62306
38684
40693
76810
28876
129042
102316
71792
77260
95772
15206
119738
109466
72723
11539
94179
86694
71378
103455
106118
97838
2527
63336
64073
38809
132567
22733
130197
98286
44212
72255
136224
125124
1639
87143
43289
113987
26304
70771
37358
117391
97148
19644
49549
8018
97256
38764
61618
96231
104615
89925
31332
126555
99772
48862
116065
11949
99326
109536
103966
100990
36706
102064
27658
94776
93523
64374
99478
111800
112388
5164
27786
61421
34305
77596
125713
70025
102128
34778
79913
45279
16507
60175
78349
75177
44154
39758
87531
125637
14917
38638
88869
62451
92195
68322
47155
125017
77000
38500
76593
16538
24258
119848
74039
25351
91073
47927
64358
124826
28169
109926
30379
117538
128523
133673
56496
24477
27770
25535
113305
49487
56151
28527
135738
2289
39460
60052
79573
137423
36844
52770
12833
94608
34829
134349
106414
72183
107377
47366
133712
75233
19801
126296
56606
65812
130674
116384
41960
36654
112599
93252
75712
133177
127709
21405
95418
62950
38378
138435
16240
129141
15251
72144
131975
22052
66327
27857
14940
95115
29423
92791
33370
110523
201
9141
78646
93017
9420
101094
57132
81657
135863
128613
72366
76524
22431
100248
59147
51695
55593
99124
65476
91235
138294
66243
124860
66702
103540
6321
80895
103454
28386
15878
86539
104119
85949
104154
120314
116773
98548
117856
68399
101217
4416
33218
123198
135073
46787
37097
92995
135968
5963
115876
7591
76543
51187
65037
73576
95737
81134
98334
75977
102771
117614
136965
28877
100230
117831
248
55074
35952
29406
125042
46318
64241
112399
93355
36375
38148
3971
113933
60319
132208
119378
103174
82808
114294
55520
19798
19108
134952
138357
48255
98369
107706
12314
29543
123544
112343
100241
12369
107336
58764
122881
124523
48924
93591
16225
65947
110884
55446
124148
2104
102884
136416
40611
11292
68512
59535
4659
136779
84200
68555
6117
122609
8160
19987
3401
96320
81982
77276
16006
39982
92560
123307
54438
10719
99039
87376
128568
63848
126324
73443
70990
14722
80189
15107
57745
31592
44067
89651
81192
14712
85790
34770
116595
45476
91160
8487
58854
136840
89983
64608
85587
20144
31379
59876
121500
37971
112949
122963
19196
52542
47685
76581
33397
67073
59557
96261
41640
120161
87430
118575
138000
75203
88893
54877
36741
33512
38713
83204
71558
57961
45226
57833
45940
100048
65494
52933
41718
100796
42416
110842
129320
114970
123924
63096
81372
29841
95676
18271
97091
88644
55239
10337
129659
20938
34390
77122
18617
135692
59406
13934
136346
11826
68701
52361
69576
67811
95491
37199
87643
120534
83487
41206
105282
127250
129028
14353
72169
54210
92946
30804
64108
45420
21763
81739
59942
28338
106072
101362
51312
106288
52268
68837
35635
99256
14596
129715
120521
40647
42703
98550
92346
26384
13012
134180
33683
49252
77059
45688
113823
122988
98157
92714
12431
45349
85683
31381
86799
2304
125524
7406
99552
55101
30224
134381
105580
61405
16496
11097
58924
113765
71494
133655
133268
35855
134413
53964
27041
127828
12792
95119
26988
128746
34866
74638
39714
101797
133749
138456
94099
117198
6771
25025
87579
6133
106835
79522
113456
30002
86673
12461
24926
54688
137924
27648
34264
18118
118846
46104
10596
76307
65742
15441
111148
92985
129022
755
89012
132792
8132
62486
54833
26219
77272
100659
1919
108811
62131
63733
8450
9345
33513
135061
80588
67648
7775
92090
103536
51887
74273
63702
57926
19978
31001
110967
82117
86547
76473
130607
121981
4776
28468
126436
119432
54298
88922
62974
94622
28136
72659
137332
42494
101046
132593
83061
33197
41911
34953
105833
54435
136457
23149
135396
15795
115496
50261
46574
18626
132550
18953
99351
84754
93396
92396
50997
29580
86933
133669
59871
40277
23856
97800
136847
21622
61912
111839
23706
16391
77753
41064
76874
50237
50219
4585
54434
926
53274
97487
54230
105667
114206
17153
101258
90835
26959
61199
137051
68109
10219
58821
78957
20534
65391
79516
88414
58793
96724
74152
137484
35602
85208
15921
131838
33210
5116
78959
55215
136684
70767
88797
21881
28740
32801
19060
107209
38210
34843
10266
53485
22667
20818
32031
98326
28684
84263
40956
98258
39988
74857
68715
42724
78230
120263
45897
122025
79409
21223
20718
137443
126783
135794
94008
94521
134782
48434
37261
108484
106626
77856
3899
88984
81098
39832
5229
19437
69384
26202
136731
33661
106732
127192
47106
37716
27820
69243
96895
86224
997
137705
138431
96186
61162
103210
108837
15900
138229
17565
49878
54410
102438
111754
11955
60731
55896
75031
16158
110293
127278
26358
79700
49335
33193
135732
78707
34505
10992
18407
33474
90589
125908
54857
36134
93133
40069
13878
73698
22263
92821
93444
137405
48879
78135
40240
20674
109987
32067
20199
98421
74735
127537
18537
112163
17411
17776
54019
113008
102731
68128
121511
124852
77193
3144
124294
82353
11962
26457
23546
22338
81867
127751
121662
6104
50406
98209
117287
6962
128924
98241
127078
18901
63911
137075
66800
31585
49185
69530
108178
93878
79912
23839
60193
53464
3520
64271
89145
17708
7917
67968
78398
105090
124459
129092
20289
23152
47203
47779
57635
42765
23908
100692
28401
120218
85445
36778
39228
62900
32963
100219
34347
85929
126577
41746
64400
123347
94031
79784
68636
12764
97168
53913
128128
66106
6839
134025
4509
9075
23036
123912
64482
9195
54462
110459
12070
94083
2439
136616
134957
123283
120827
101260
103042
124786
115081
27503
118415
62653
9175
82143
35926
69553
131192
125494
67219
281
98305
129173
25915
31562
102710
65347
2269
70073
57363
107090
132671
56318
74646
654
7129
71867
13026
75754
89934
115919
103389
98128
83906
32249
24115
113557
15394
71192
134758
12400
87506
134131
91749
117383
36233
47110
86535
118496
116271
35984
130441
112372
30286
28770
37725
132101
28829
92045
75011
55642
124281
46078
81937
36972
137189
25971
24097
125196
97781
56071
32765
102377
54218
56679
37479
116048
54444
10544
81108
28558
79617
98235
128601
37219
135697
126583
75214
96481
46358
28370
109640
49191
125306
96224
72164
90850
64115
29284
61603
96620
56748
118159
53300
107777
73719
84166
26496
49876
37292
18631
12990
86449
93168
26676
112223
80862
93112
36391
17670
13221
131692
26289
40770
39446
31775
16553
120033
24823
51552
135252
72294
4523
32794
9121
12615
46859
115956
31626
87268
134239
111101
87461
42467
783
52705
12339
127791
28331
116852
25783
19852
8216
44967
33867
58776
62517
104755
84847
96172
104014
13926
10696
78133
80069
28920
51584
24129
22207
39383
81766
75967
41904
91954
16724
112193
105910
7718
136128
49330
122034
126484
42046
72377
58129
103863
104029
93242
107169
84169
42001
62664
29834
50539
127951
9878
126572
86496
94815
84434
64637
107471
102042
36507
7111
94440
78483
8432
62396
125358
25987
88896
112689
78499
111646
63013
64347
41468
27722
137359
123247
20279
39412
9693
53046
80569
112447
92336
71275
28001
54582
64126
124627
66826
21484
46580
94759
93167
113232
44269
51957
63497
24575
19750
66162
67354
40447
13566
55344
62111
119547
122879
54958
111426
61103
127985
55566
23417
35927
18573
10763
45579
105307
31998
63619
52022
113672
11519
134597
115382
119583
79673
69558
15710
95767
9142
123539
10656
117013
951
34617
60078
105032
121945
71629
83133
79872
39256
35327
40918
68926
17636
38681
108253
59516
21737
91823
83612
86525
107766
34069
14622
137689
132698
81128
39850
95213
112359
122420
12837
118658
49748
89723
104278
118186
63715
45499
92910
13375
30017
45461
125537
24554
36153
111449
106606
60420
129906
94841
552
84542
73800
106307
97693
133266
98473
129391
40239
13355
46762
132920
14870
97197
11563
89501
130756
132143
46211
14803
55659
79692
97860
31106
21489
106051
15323
82116
117571
84214
2095
94231
89146
68201
70229
87129
43273
90856
112894
72728
15754
92391
36713
137672
25213
205
82684
11645
130894
130506
67809
58018
128453
108715
110840
41924
4592
91698
73266
120977
8395
85706
86448
128994
65453
5692
71042
15684
101559
122896
2754
77210
43508
103493
13991
26591
55523
60967
116682
817
107069
107049
90327
9426
64707
44726
124887
15047
116649
116678
10671
94178
70533
131269
97082
56619
42655
31171
77405
82761
134370
118864
12542
39752
99921
95590
127707
64739
56636
26762
49410
120772
101715
80047
27216
61573
44744
77852
15155
70953
13591
130670
86172
76018
92761
79848
138439
135617
54069
12396
81400
28881
102553
61145
34772
1483
78796
83323
6864
105658
116138
36536
36773
99469
102781
60496
48425
40759
64765
125422
25697
28090
77157
3959
26847
18323
7311
13617
66355
11160
65610
94346
17903
124790
86821
55203
137650
31760
40451
47469
83391
90722
17452
96066
12241
41861
107752
11970
76425
34530
53372
108631
69399
43077
14149
127990
9520
574
135202
136683
78976
105191
101202
5468
92632
135290
97510
16200
28238
137970
54326
24362
106538
15001
89588
44550
88152
32644
5514
16110
12619
97257
122669
101
66544
79629
79592
3052
12835
57246
7267
118446
40493
41691
123954
29222
104673
75064
24306
78049
39078
73693
114896
70758
9038
72970
122168
99193
127642
130315
17196
54525
21265
133751
115480
21384
13868
41576
44738
72289
42251
129229
52737
763
44894
130696
127809
3367
94441
137196
39588
37726
77206
105107
105981
34134
8093
34558
97406
55841
75558
18599
882
19354
44897
8726
44785
73249
111095
23895
111421
67613
105719
54729
132746
8851
116960
82843
8397
119759
16598
89330
100492
17179
65122
31249
104483
23038
127819
19236
2320
106116
70285
78731
70708
131907
94166
102691
24553
21355
39999
104430
87480
30252
117769
122287
84071
55900
123417
103189
9558
37803
107722
115545
100754
29905
128087
16734
87200
129957
121768
47033
39647
125806
78083
3333
106113
50749
111339
108383
31849
8813
102717
93076
52408
99539
97827
30638
69340
52625
53099
84320
5693
104399
85455
51724
53808
110285
8841
126350
46524
105676
45847
34004
99407
93769
31262
123697
86119
73794
132779
131589
79760
63531
77659
88111
2873
123502
11123
21056
77751
98570
96544
129394
136245
83305
37864
27851
65573
27474
97558
99983
96617
121300
19481
120743
57317
51609
93568
63967
46719
18922
20686
130105
75342
125476
132957
36718
57282
31168
137101
39814
79558
4663
126688
130260
92500
59002
128423
50517
47148
78600
9804
74551
74990
116677
46672
5115
129056
113587
32092
63021
38709
17972
33437
129159
98505
55228
3319
68078
54699
31690
111061
56009
124936
25991
33266
33554
110335
123030
136759
58527
119289
9398
5122
121958
126088
16574
105156
68108
23113
56536
15801
101969
24552
86738
103087
5464
103222
109308
80224
120064
120373
7459
22961
32179
116088
68476
137268
135132
61562
64640
99984
84568
56523
15294
73392
73162
90930
58085
72429
54759
108671
135224
97462
108826
85362
2700
53773
65328
59550
133768
47373
50360
36242
3361
84231
13597
120457
109217
8915
60446
74457
133304
21094
37887
134274
30236
136865
99051
121208
26545
24864
126444
55110
40845
36007
79121
98553
107410
105374
56927
127419
67400
553
103502
2479
42927
6725
88546
107547
118232
10041
94778
61040
49655
49860
23123
121252
101155
112111
30388
17799
80828
107253
20669
13728
58519
45372
70763
103148
51188
91850
49281
44558
54975
129228
36259
119234
55910
95194
85110
61112
23155
136177
103172
134147
107910
110907
15282
121548
34955
36571
19676
4657
134469
52665
78496
71952
108747
37082
112757
114038
102289
30079
102674
120089
63173
129843
4888
60799
86296
30501
120424
128597
78320
37661
110463
3072
2368
8601
44577
22636
132497
137287
106540
51879
126608
2278
72016
134609
18952
62991
75077
81195
134594
72890
6375
56540
34173
132059
82903
120094
15848
98648
93197
13534
33751
35283
84783
131594
133982
130945
71538
2053
111522
74903
71553
6444
46711
47594
45031
46724
106955
7534
60600
5475
109727
122777
111501
104301
38444
136456
44927
86813
40166
97731
109462
62331
123798
94195
78310
75408
93894
5851
79300
82988
108749
130703
46189
76456
43058
63826
73089
39723
84162
30848
27372
93143
14520
56914
70698
51206
134538
64344
29774
15678
101170
120254
16480
32090
80084
22002
2163
131833
72802
114758
61814
113180
16649
1519
123143
17045
107303
51746
129373
53996
109547
78893
24981
1148
59650
33954
40753
6698
9479
1333
9947
82409
55433
56584
29714
39451
28432
108960
102988
89299
54783
4863
57646
106842
42639
33170
136852
65267
22353
10512
31906
21939
19946
6067
79208
24436
49239
136778
28552
69801
103528
97782
132338
119721
83538
107433
135767
80235
83420
21363
18180
128477
44907
59014
5149
120777
104444
117940
27134
60572
30821
55060
85589
120219
98503
14737
99768
5525
63071
130295
4914
37758
136192
101303
66632
37051
52233
77608
96872
110936
134378
55356
2009
22773
76463
68234
7589
137529
99501
128895
31354
57105
61794
63116
55972
38013
57144
50973
82244
69788
6749
44625
13801
86765
69289
3450
36579
4121
6859
25062
54186
37605
40654
47475
70707
124517
48699
110256
101244
56458
13302
40382
27871
96340
17028
79591
112858
73816
44566
136127
55026
134464
31758
80480
122668
29469
98203
118411
12155
119295
19853
15571
133500
50655
17750
48233
17222
107348
26210
123310
12420
121514
67217
57868
63691
99282
6760
87039
48896
91780
67672
87498
120184
74047
94307
18722
82893
116723
23515
92384
35088
49406
98361
50805
105861
34899
93500
124031
77455
31953
138193
107549
97014
61197
86479
31773
129760
53171
92176
44901
17264
54150
29998
5319
114812
73562
9234
41685
135017
38870
38201
18076
68460
79744
114768
80234
88254
102835
94435
131530
76868
9458
9099
79726
77076
46179
67953
125843
3580
65928
12722
76968
65265
60898
46371
28351
107515
32935
62402
127571
134964
129713
89815
133722
124285
67015
50012
72983
59548
5844
114174
73542
134434
3287
655
57880
62670
8830
85093
113143
34183
45128
37499
12468
28140
94986
132479
27416
17516
14769
115963
126272
16136
103705
136653
33399
61235
63487
105355
62027
91873
32300
16970
75610
114838
60567
84705
91863
72103
25269
75283
33447
81460
95932
117031
50853
74500
103357
66420
6172
134460
102213
131962
52681
60403
80814
66767
75930
8790
54721
212
91737
117663
27332
16119
119030
60837
63685
104379
116956
112952
47870
87226
9751
50477
68560
131496
54687
132516
49055
130708
127558
85309
17311
34317
112814
97425
134456
69643
51151
129319
110387
95397
52186
73152
7248
42753
16800
3717
10929
34404
136247
128783
122468
650
102591
60815
3948
101634
36751
62552
39321
76059
88416
58626
84341
28076
101986
38932
15433
56148
87883
32372
73455
21243
81174
13339
40869
49287
137364
44557
75076
52423
679
86149
129542
63298
135707
28900
124203
40893
48032
127173
57709
134632
55460
23397
31165
112808
71279
109979
86610
22417
96009
29868
115864
133334
56926
60529
25181
119931
12173
82448
125815
123340
123860
66910
30743
63624
27826
90517
22755
94756
52619
52154
61634
138334
63444
99562
65333
124119
73663
45327
135769
97948
89365
103584
99261
91919
73332
36998
112298
28979
1208
67325
3290
13201
120982
113961
90718
13148
97509
40453
103272
99875
91965
97450
66512
113333
115066
6153
47249
43906
1142
19303
1798
88592
16992
22359
125387
14003
73500
122381
39136
92509
38718
80923
55810
23021
36455
83350
97890
135176
116654
24852
132878
43383
9305
49108
89144
87769
106561
50321
38539
66569
94402
82907
84956
73791
114753
54760
73276
61731
32349
84128
81355
849
9785
82599
80329
3847
133119
33843
91254
23108
16392
33695
134979
19067
77136
40181
15872
59173
43995
74767
130986
9342
67525
123009
100187
87045
8177
38283
92550
49034
107012
58019
36742
43412
131850
66072
71316
101651
98100
98655
66579
11832
56624
109855
65040
102780
14374
23121
81732
18211
45308
7646
56577
16807
81582
114594
16796
25665
91657
50347
35795
128020
4084
121464
84161
136096
40399
83298
59735
118393
77402
5834
24720
127793
116329
15151
61823
138288
40637
46323
14143
57927
105748
80393
138470
132133
101728
82510
131044
22434
113628
102118
138241
48269
96536
19811
64503
57903
124450
103933
3741
68830
48861
63507
77441
7681
94273
41023
8733
104389
131967
71015
54191
21574
24995
44388
18072
117116
15002
81896
106999
71680
5496
105528
80115
126367
125603
72251
4381
98314
1978
85611
47305
44449
91154
10280
47789
45602
90760
14220
36524
80028
52307
101851
17935
133098
8542
89292
106424
74280
29473
94284
111172
30425
10409
37307
135345
82014
46790
135349
4841
44877
119745
38268
96170
58974
107187
23711
108812
38505
92215
51684
74476
134489
73751
137426
108876
91261
87257
84682
73271
10436
109776
132255
42963
34509
981
16208
113292
108920
71461
16372
100681
28595
129114
24644
136897
40251
82226
112656
136411
112421
61681
130094
29992
122695
39362
48240
52134
121885
37360
64632
127215
100380
115885
102267
46674
131282
41643
117444
135796
25225
65878
54541
136347
87688
38527
19616
99843
64263
136501
26682
47370
72303
38433
121134
9752
127647
7607
118382
59179
21156
66255
70393
125340
12627
15421
19056
88440
98906
16823
20806
70803
43335
79125
116044
127736
111130
18325
97734
128329
18566
35957
25588
68244
17526
2719
32942
69847
120555
57585
82644
124016
131712
80327
14226
26022
82610
123138
94108
55517
4816
37641
108452
29188
71634
2991
18329
100711
105654
14763
96323
2292
133014
25484
111009
66773
128221
122312
81010
33130
132331
104540
72823
119544
218
121388
99629
43579
36748
126678
86452
14488
52541
89710
128879
5358
103833
86127
82408
102382
1672
137184
18028
4494
89283
59346
36084
64488
34482
109615
125265
128648
10814
121121
23930
31463
129994
84751
110835
50821
59721
66905
32303
131708
134722
25682
86363
52179
59180
115682
121153
126427
46611
129593
55253
88898
48103
121032
60320
104914
6753
35900
49741
105204
38663
34380
122865
127187
443
56328
133261
3028
131436
132944
120548
9667
78726
69104
2360
74183
98057
72405
75903
47024
117836
65803
108210
130256
94958
95882
122345
117345
78068
29702
80704
109286
102840
31208
7168
274
71452
99838
597
79815
40344
20471
23763
82607
29909
37821
11644
39056
93153
27254
76233
26894
28661
99161
92822
124023
95838
38662
106195
26203
87932
74478
37204
130709
28275
87512
110599
86403
89754
52722
57058
28430
119700
9232
58178
99174
134048
124787
84651
73531
56509
47947
37858
127011
23917
3925
109146
121117
134211
61843
114808
6226
74851
3023
105899
5838
42206
129556
32181
81901
101262
42881
14855
89448
84174
107431
120651
62757
94977
27417
61820
134350
123649
91369
133837
127534
115202
22840
84041
41525
99188
63483
90078
43497
125734
93987
27673
95678
81490
1810
72940
7321
47899
89
89476
9526
49592
78208
130498
29388
122860
53183
54034
96953
23392
83876
12116
80941
12553
72402
4591
38
79870
133124
110153
131425
39694
86251
3788
51084
86607
47280
80124
69882
2089
20253
91307
78508
51508
27447
102802
72577
6202
70454
53746
72807
1366
43427
90276
85534
4501
76230
28885
45162
124667
41383
107697
67767
49321
13354
53033
7882
121689
19047
86248
56325
3603
23641
132930
112164
70012
20760
103259
8471
38304
31197
39374
43115
119645
48159
77105
12405
54499
89809
100763
42807
51751
67602
30560
72344
83591
9635
29026
37130
79430
6516
4345
42689
80716
25532
54551
46472
116287
52667
106528
64562
96438
35425
92756
136254
102027
110456
2865
138014
130415
127871
20735
133720
28802
138093
27934
21908
44267
117963
4288
25942
23427
46636
51760
133575
33779
65711
96467
98739
121960
124978
1995
117202
123025
80642
94976
117863
46071
63590
134838
79667
29173
83593
18872
85875
86946
49311
12957
63588
53818
129381
108486
97508
98635
49120
71257
60817
5814
3871
25850
104495
29507
62937
125378
37333
108684
70150
26637
112816
6550
63332
81847
4346
114922
25320
43824
123742
9905
44776
75224
43854
105442
127466
93371
64828
15356
113992
51502
661
89234
98102
112817
58340
51093
77923
63206
54801
122823
85196
124868
107142
22248
100566
76912
82528
25550
7028
47007
113876
44725
90315
74547
2927
57173
51740
64101
5277
116547
123287
106246
121636
79137
13608
126635
95763
83
64238
111694
6497
129407
101857
101788
137645
97756
87953
56045
43121
103500
138234
79955
60397
123659
11893
87772
10166
104845
64422
9943
62315
14912
109856
92659
69220
105411
132842
4429
83074
35595
62568
70529
37212
113420
11282
120288
45707
10162
36663
19322
122619
114269
106655
60227
39959
43800
75994
100974
15974
86762
113426
21546
124753
98110
59142
16363
64403
122191
134814
127504
98941
106210
99604
60807
125381
78339
82397
39560
74526
95723
12494
115442
36416
57283
53791
132656
91922
42252
80353
45929
134841
40532
23030
114867
44422
24137
18540
71016
131884
125348
65557
65910
113223
32123
58779
115427
103071
56913
69674
128351
110754
37322
28018
75941
107123
55906
86303
130427
73486
47186
76740
55661
78544
29822
125631
137891
3526
97033
81933
30136
86986
9932
48523
61748
49206
70752
45403
128724
7937
78680
42737
87365
26117
125630
98494
22374
99225
40135
119885
137343
82304
74037
63990
106264
96003
95043
90298
53807
52261
65481
118739
103274
12871
3694
6000
99301
57329
14962
105690
137721
67655
70715
46370
94788
59006
107735
54073
122610
56343
111348
27704
48683
65967
108498
25859
84172
106494
136692
2661
41336
108548
73257
95210
57202
110295
77245
25381
137349
64318
112674
110817
58541
58688
76195
113779
22183
11827
14064
57139
88919
58535
13568
83586
92084
88948
107871
19281
25363
113179
23969
63175
128948
89126
133105
102548
112228
134433
3145
70563
83299
135353
80343
127388
77391
25365
118022
4824
126278
129106
39633
89408
53572
126471
44394
128768
60717
108261
98266
121607
17820
1423
4573
77630
23386
111808
83122
111035
118579
111554
34342
79795
9705
115163
121247
14615
104478
4724
103570
111672
47214
36366
19235
124434
21442
14101
29908
45638
38740
98917
75173
91621
93781
108081
87003
118899
28641
27233
79703
34075
13862
92548
118443
74966
80381
84102
93381
29695
122544
75006
128766
35759
82062
131170
69075
83900
49706
128272
15675
135262
32474
117541
34513
107308
119301
11096
26399
72839
9087
27042
27594
123942
59950
102947
112146
81301
94737
50244
11569
29645
60635
110061
42021
84863
66132
88688
14733
25008
67240
129799
78917
44613
96068
94736
71617
43432
26627
122068
69805
41777
95855
102124
102643
58276
29474
28396
34795
92476
115804
132430
10933
19388
115514
66115
106153
106872
23087
80618
47676
53188
34413
64732
74991
97645
95662
123915
126603
105839
23720
39027
120259
120945
17219
66167
56460
120718
123665
75291
42958
106101
38453
10099
6711
40071
120049
55871
112973
114303
111984
86888
17116
14806
79177
130170
74973
1126
79585
137957
109465
54193
13938
58905
128
71402
23073
27193
123576
29343
124167
70344
19005
48956
93851
105092
12698
105779
26228
132068
26191
6930
18287
21151
48919
33616
128263
50658
75625
72436
86648
121115
15453
47495
126415
49101
133187
50515
76585
42456
72657
126254
95560
108636
116247
7714
102014
99213
45757
23435
94162
74095
85755
120849
125678
21215
75249
103047
116834
112277
121841
33654
121513
84315
10742
58457
86871
2407
1407
119551
9584
68510
122710
80445
16840
44087
56494
136322
31671
73834
73027
67825
49809
113051
136817
116963
58703
85935
105851
29449
98315
100279
68987
118212
104200
129615
3048
85781
21990
2963
87519
49382
91893
105087
23800
20883
108353
126141
89891
6736
116644
27000
52721
119625
111472
70295
24674
80156
79648
85668
29045
15949
3602
132044
38028
23619
66092
55982
59288
69173
58406
95976
105389
137350
32270
118340
122941
107399
129307
89178
128707
25596
121633
85360
94721
48598
97281
25393
56138
71650
58504
135358
76388
113563
68096
56261
69163
123460
116206
134380
37438
88019
23551
48836
44542
58092
58475
25820
84548
129797
122572
14148
89597
41038
108861
64998
125361
116998
128589
34721
48463
98302
93672
126531
24881
90324
63973
109544
77442
72346
35921
103476
41132
48847
106174
31409
110606
61521
100225
103416
90569
10261
112691
82109
70911
71111
10122
39625
53859
23543
104950
85634
40633
26045
71947
111126
862
43385
81399
14891
24352
47917
65254
55435
14967
63183
119297
40419
79396
13134
67414
87600
72661
126911
31996
131062
109236
57174
30205
85597
92452
10678
56785
64880
119001
94999
60824
46533
116566
109381
71027
26037
42748
100354
6603
47534
133552
86918
57932
59444
119596
135648
16238
96590
108238
46408
74236
7837
5748
14899
49236
39429
63913
53145
5862
86321
122626
94979
123275
3930
40062
42719
45582
133230
55292
137872
98752
117412
64641
116722
69757
108429
115893
125234
32726
44217
118413
18002
15373
106502
16098
113838
101434
62513
17400
104336
5649
22445
99565
120488
134556
46678
107135
137765
17306
114238
126142
138039
81241
68619
102592
7328
128258
119153
58587
91322
97446
18424
87559
32923
137663
114924
127563
105619
98951
82068
11037
134970
117974
33312
36417
130863
69116
57189
79407
25666
91409
11429
63812
41398
128252
60188
71589
115011
97877
29302
3857
126308
57692
72292
115794
65364
50561
14111
133780
41891
29597
70931
41898
117430
56131
101878
107459
119698
78482
105188
60919
56132
33955
28980
24383
23777
38069
84565
137233
53517
32813
81243
15388
103465
9000
1334
5651
51276
69222
5581
110146
47907
103696
31482
126549
33518
102351
27369
15000
39069
115578
1157
40544
32779
36463
133011
92571
132379
61872
82867
80676
19867
66444
32225
126411
106433
99297
124655
116633
121615
40929
73870
41698
51578
28083
131749
39848
87958
63314
62997
33195
20112
60267
121731
101111
21046
25736
4561
23932
14024
111939
115176
1911
32108
49902
22577
19463
7657
15025
134352
50348
8631
62719
112951
76835
82774
133405
83676
2578
13734
14401
48838
18445
109872
57248
87338
97883
16204
10795
92128
114387
52881
21096
62821
51973
17582
133127
46418
98664
98510
102943
4708
106610
48515
119416
132031
108597
39683
52280
58981
39740
99648
58613
44126
72323
125126
40205
79219
33331
66473
98363
35572
88083
37947
65950
43316
136944
113115
86637
69837
121378
74670
62663
80807
68440
119007
135622
76371
127044
91082
118859
89945
72237
97742
34091
103902
9352
126433
112007
106243
115327
132913
87690
95806
6467
7039
44216
65829
120074
26386
101308
78775
95926
3534
100689
99526
102754
5422
39283
23628
33839
85085
81934
125239
98490
114563
63258
115538
131679
94184
80783
38128
912
113988
79647
48230
36857
80697
55005
19920
29828
115428
86077
34647
135961
120506
939
46008
91581
131643
18335
107762
32527
110551
64629
29763
76133
138219
8388
30674
16758
126796
98542
74669
133311
81076
42972
101086
54928
69177
130905
121889
106623
118603
108473
52187
36140
129804
12389
102850
2809
45756
27267
61816
77516
97626
123270
4148
82091
3734
118870
129944
84145
47571
68457
60218
85486
112948
26346
35825
125736
78947
120518
73267
107705
104184
112695
80892
90937
42672
122222
131512
103086
38518
74053
65248
93817
68015
92477
67383
73987
128572
10595
49866
81595
133024
40020
18532
17879
119132
129599
48283
83930
116114
85557
12357
89209
40932
53280
110559
99272
134318
131715
29293
98121
38054
112530
67420
128785
138326
99388
41765
88935
94224
66423
105239
11593
40051
86426
62084
44743
99514
113505
114704
59690
92256
83302
138051
62017
108168
58855
87103
104751
14358
129700
54984
113141
133885
122999
28462
85441
1386
94943
36363
92457
114484
2147
64844
112311
5062
74862
99132
87056
32058
58702
110737
105867
29082
97749
8717
31329
31032
115772
77518
118298
65238
33566
3805
68065
134419
5639
53422
103016
67208
76194
42892
133464
124945
26428
108575
125589
36883
113381
38338
100298
9778
135986
45136
37750
130634
10940
110393
137247
117070
114575
37104
11233
93759
62544
108937
50216
9633
60675
35614
57656
48034
3889
93495
135048
110241
105908
50410
89326
63992
18236
42398
83582
22091
128985
44929
79984
102324
21387
75365
74836
25516
100053
124590
71496
112658
45338
77575
120013
38552
122386
76491
125650
77291
22168
130866
113264
107442
1661
61289
79789
39055
60853
124740
130940
115718
128878
127235
60405
39376
31991
105547
5756
78140
98230
73461
14729
81563
82869
87321
74852
63390
25662
83764
103668
126151
118729
102747
18054
115842
83602
38146
15838
130321
2748
65002
59257
87886
49407
73589
7081
32441
13265
76143
2416
58514
107841
55530
53711
115052
4059
31453
86176
76672
83341
59840
39909
108849
27360
17689
3852
62655
136158
90881
46384
87406
4787
79618
20730
79049
84762
111221
137082
95292
102928
91045
41235
14514
138335
136502
81959
73669
31077
105324
6590
125223
124205
101995
66824
13164
43662
85177
88435
35546
30358
51065
54722
101638
10541
88564
136425
104587
15011
4385
55457
126994
94891
52586
101806
43801
18882
7755
100803
64524
5328
29110
40390
16367
34176
24469
19368
91391
76550
130221
52786
28911
116031
10491
124858
93023
100706
135114
114798
33030
64105
8309
30902
91288
26804
55062
101997
24051
104479
109955
83401
105590
69684
59627
48588
26160
100206
54393
95357
1952
42365
87848
106140
8555
64153
66417
121331
62234
85241
91394
56301
16093
109207
19215
45182
8002
35882
86700
86995
71519
68639
12023
66220
37910
99733
32370
137507
74434
40394
87050
4479
55017
123513
80622
73673
96800
22771
90329
30231
24499
15846
121996
89782
95812
20988
36567
20368
15601
108290
10555
46650
30944
130442
79606
62971
88428
28277
56376
126880
137715
90813
79309
121552
93248
103487
14751
27572
120510
126648
134018
135718
55872
97973
126199
17841
48577
33279
8140
11025
78970
57804
97574
116784
44513
74765
78623
22034
76271
106563
39807
14572
75195
79820
127471
96478
66029
130045
3760
58133
95414
121452
22415
80787
88093
20342
113410
128006
82196
49919
84157
4057
128298
4389
98781
113200
16242
29544
73343
12065
118609
106477
16644
116958
35955
111741
84026
20572
19134
68093
35003
108309
21356
93322
98300
82560
23754
5163
82386
81318
4969
58268
38163
67798
79704
69919
130757
61264
80752
6785
112622
102752
62284
41532
11321
84805
75952
20495
102510
128711
43149
79311
122182
41957
3596
64237
99631
93483
39742
20488
35319
76080
49561
19710
25313
124906
120418
42305
77443
68617
90025
48927
134901
110235
61802
82130
38908
48029
84421
111997
9897
132796
124175
106604
27319
102599
13903
22472
70907
100523
39547
82108
99140
85300
80439
88846
95195
44604
21036
54268
70372
60076
23717
77424
80150
10295
79950
44168
93663
49697
90089
130597
119167
121261
46088
97132
98502
41949
25275
6404
117604
43546
124920
92740
107533
92653
104141
134525
91607
128416
23034
41743
84229
110648
67964
47404
75042
125057
24361
7347
45935
32308
32708
93646
76115
85927
110029
46373
127090
34956
71324
63706
66978
122556
15592
121810
101668
1362
130891
56379
110880
37325
46445
73682
30826
1031
98789
46359
109621
74420
37728
60626
73671
45714
124844
45549
69112
102590
1296
57057
125863
51803
18791
42811
80157
129179
121321
96452
53953
136355
63864
47793
111801
45112
37990
2423
33082
128729
123531
125874
130815
125398
57397
115814
117460
117315
54343
86309
36274
54437
37518
36240
91099
47977
68035
88021
127785
97842
99870
13152
52001
10173
136544
44393
62763
134475
23119
9775
126403
72990
123414
19532
120105
56718
112355
12143
109843
34286
66181
113438
138454
71125
128254
28841
130357
70845
92895
120003
42207
48001
133844
11687
69151
1095
125889
61519
47858
36297
1147
55656
64299
16459
62115
100240
76844
22064
98413
63770
51233
36424
97295
133423
62147
50313
10715
54023
67456
13179
80415
94256
59260
64345
62525
69942
17485
131037
92165
8710
132797
121412
45643
77508
54017
77780
58177
130740
38382
129798
45039
3611
87994
117774
97806
58511
39130
75355
43439
123447
88369
133769
94572
77145
97636
236
110224
49247
37733
91762
96482
117061
71052
119418
27752
33260
20048
75675
122645
41053
117418
29716
104231
53098
134958
88608
77356
71810
48241
135712
3599
104285
38528
78454
61571
24192
53084
62672
34688
82973
15639
80452
1404
16005
82890
37635
73060
110018
58028
35107
6902
85183
645
34001
18633
114000
51264
64826
93401
65769
116217
120806
127450
268
79683
34656
23066
21001
94499
55255
112306
121318
82750
107178
84713
40221
117623
32377
93083
32194
38485
130738
137454
75327
19177
93886
130735
86007
76357
68085
43429
52181
132445
51577
68537
129666
64568
49425
35897
128866
18895
24355
41754
11796
1328
22800
105774
129631
106920
20784
101115
23951
31445
28542
35136
56871
109488
63337
53761
72865
61916
103429
117357
1845
102746
122351
101965
72713
16262
138035
116821
127453
79210
23398
69057
83534
113216
83125
4980
20960
49578
86401
28751
48916
28785
87714
23958
51547
116447
26716
124311
108795
48035
75063
65595
41489
72137
114045
44934
53292
48951
111295
64176
136624
79456
112244
32226
625
106196
56207
56867
37276
37245
59881
120068
122971
57753
133872
71409
121749
28252
109490
38703
5006
2138
101980
33542
66861
92817
53670
101566
15403
129818
131647
69083
36415
16863
52325
21513
8864
129372
82182
61006
83954
135568
12308
104788
48788
86252
99289
75638
59393
129375
72486
101338
58885
28756
5240
56673
27717
24379
122390
80490
1242
54359
65503
119895
101467
19085
102091
114160
43479
69894
126025
48971
9235
112640
31457
2012
125149
76674
63641
69872
51807
1751
115154
92398
1289
36774
85111
122083
100118
59146
56187
66168
61602
72774
27557
55540
49585
57691
67586
120756
45788
106705
8702
131330
35342
81082
29864
72195
128563
133904
79953
71523
110931
133874
18388
7542
113524
31434
7663
9996
70450
104695
87967
135361
126250
120386
85763
14968
67289
123383
92306
4976
64915
70078
47118
16657
84656
34911
30053
110860
76252
93904
57260
127484
14677
44693
110015
7592
36588
28342
64805
72798
32637
68583
116815
113509
77661
58230
26201
83371
76139
107942
109648
22688
60286
64745
22047
42037
131972
106982
92498
8750
40041
81450
119898
105332
78316
55891
32322
5066
114695
77107
17585
61417
13234
64718
41431
11917
126662
68147
73355
101273
115400
104180
45116
85892
90859
66171
131944
97426
66096
119845
130652
117406
118925
96361
29144
19730
10204
110025
60269
85099
123838
86504
41178
92135
74477
137450
14146
86435
107172
76430
34135
65783
128606
107063
80253
16722
136691
129854
111055
37189
9556
54519
96440
89005
41318
11822
114674
94949
98056
43606
17328
61664
24956
123885
53539
93931
49700
64603
80097
82093
18890
65779
104129
17454
117497
88295
100261
45471
54876
86881
38700
132819
123671
73196
128160
23125
2365
130082
71312
90382
133324
59110
128880
93956
83654
28260
128171
120007
41164
47784
96260
84198
130979
50263
49430
69625
6025
83778
80749
106389
93885
134561
37820
43522
30794
58455
60594
135856
71389
19125
70928
45097
11061
96002
4254
47736
45987
107532
78045
37386
47622
120875
31742
56099
3801
32157
30948
118932
59971
1587
92319
100431
32185
86161
23837
94570
47660
61394
57578
21144
137927
85871
15708
138063
94760
45562
11210
132906
28654
91338
56495
89827
99606
25786
100007
120358
48756
29263
11033
120563
118808
63655
90954
19986
23989
100311
132709
73909
39659
134756
54550
88816
27628
49339
113213
21220
67734
37054
73945
27492
11776
26764
48528
72050
10837
7687
18854
101099
114720
136129
60756
68861
69879
87679
58864
87167
19057
91791
93288
94212
13560
68948
122240
126022
110742
23454
123643
129563
124550
107259
129987
67666
42039
113946
28834
81457
80324
94664
1277
5243
107678
91800
19994
125876
37026
134800
19007
120262
108592
100751
22008
118038
13738
18191
102101
98016
10657
117165
127723
106186
133342
63110
34138
12775
134502
100320
36749
121589
97940
112241
28046
122134
100205
94741
6473
116320
77023
116423
50792
94034
103784
112206
116742
59148
16482
21945
133620
27241
33100
42080
20834
62648
81932
75978
55316
90583
107145
34269
8296
23445
126048
42524
116272
111402
106439
71613
57553
126108
113378
83891
123913
73233
116324
55822
12010
45802
54970
5148
29392
29335
127660
60110
3297
92889
6967
53379
42982
116424
69172
92651
101814
115528
95312
121289
11961
46763
28481
129943
130077
121332
17204
73709
106085
41232
100758
8514
109
79159
62253
65715
15587
34635
84029
96300
17163
103673
130372
31962
2633
70816
122156
69918
33658
67100
109498
67085
18486
37960
28337
138053
41825
101015
16647
29918
72533
41979
107931
3965
26509
122353
126559
113913
10648
101486
23238
119820
72806
82370
18919
80039
60343
72584
125014
118906
98040
137358
87418
19334
10808
52253
121216
90681
113203
122791
25819
128302
81462
125402
125088
28267
97360
2906
129
113202
113856
16324
93388
59025
75759
57104
78727
124578
7429
126345
88394
41131
25796
3968
53412
113133
38711
117608
9821
17610
71674
19779
86635
33902
116795
126002
130547
132912
133380
97484
82168
123161
60549
31909
60325
6716
134511
57312
74676
66438
58873
7257
29811
110345
81755
112727
74603
104766
60793
75523
17656
39858
68743
20187
32992
66349
118277
81949
128065
8079
54528
40546
73370
36618
78324
125946
49506
128569
34940
118306
104669
12085
72318
79851
4698
55117
6336
95749
72601
11359
33271
41608
106117
127438
12161
31508
95096
96667
2893
119519
34896
131596
33184
16508
124107
33684
33393
66071
84150
92046
97774
123802
60991
104261
137347
67432
39323
66685
118283
68107
124882
65042
52239
52593
126707
34626
59202
89069
74230
135192
33404
133161
50032
57762
17734
123012
27883
75749
43259
90736
116391
9781
117748
118604
21599
62387
21922
109817
66890
31675
9631
38848
109840
34614
96110
11299
28191
47012
57007
89001
99403
38064
9791
5099
80231
65469
96992
45595
92372
86275
85371
111535
87914
104067
6652
126801
760
76761
5502
134342
99718
115149
126269
18881
100212
71988
113903
9192
7610
84804
107289
126920
9976
55770
11401
49792
27534
56654
120142
34782
75631
12626
104008
102946
88665
137853
36465
82441
25554
21593
126830
61692
72430
72033
73217
95712
119171
122473
62996
76358
58036
34326
44767
31206
65622
62461
46861
66343
34930
17414
32434
15081
14108
129778
35624
122634
74807
4009
26515
98672
22452
25752
138327
38955
119713
19339
27203
3904
38019
53438
110857
84358
27252
79343
60514
45518
53290
93508
126443
118267
14423
68994
5059
100621
8846
107304
92495
13554
76894
22247
838
109443
1561
23575
54784
112093
42975
119849
135824
123324
54677
83068
73381
114507
1101
60434
54755
15435
59765
133506
78044
130537
53170
15832
110852
70100
92794
138290
45468
135386
131742
57569
118787
103214
28071
46548
27480
67733
91098
897
78082
1238
69619
100388
29809
104693
133274
55752
107333
83967
96466
50146
2069
120975
122002
37912
111552
23458
59485
121437
3344
96946
111098
74122
17528
77030
44361
20601
134216
6743
137253
61299
2987
28418
71072
126041
10935
114435
40548
21688
12752
89022
80888
61952
98649
40550
6576
10259
660
22288
44519
382
39379
17880
116464
128018
10131
115848
105225
49669
130742
67665
58897
52506
117431
54044
137938
15434
99118
127697
30688
1071
130775
115915
81447
53133
119897
58866
79058
126061
100359
122635
19486
42803
123174
35594
114523
7519
115304
103431
52449
112433
50046
130935
76785
81038
83044
57957
105150
103207
85857
8131
76382
75893
22643
131263
106217
6707
112271
4081
28075
7695
6551
86628
74427
14554
46331
125661
134549
93961
100808
19933
117520
97205
89450
35392
37465
134824
101723
29817
18151
24971
99533
29803
13069
23162
43377
96164
111747
60598
107054
38452
86979
34791
17239
83037
24548
24857
20128
37634
34295
7725
56643
63280
70885
75716
93867
14373
127126
33457
11258
83995
74587
93560
54440
19830
137602
121444
21957
23154
10452
136374
10224
89826
55937
24040
129892
974
18928
19674
86554
22678
104624
58651
72060
88838
120086
20864
118534
18038
56080
130825
56423
3433
70502
85434
28031
109114
12441
5618
42554
114214
132317
72762
86619
47371
9686
68788
24943
48738
96483
6996
71363
78062
31133
4519
22037
52363
106311
106591
132239
72642
38944
26368
96335
82523
23096
25495
112446
21062
4227
119881
77067
104213
80637
42240
50086
91282
126331
8211
79971
114332
92458
50450
120666
84922
31035
111890
63042
20092
70565
48191
40114
90160
101646
117607
63070
5097
112397
39110
34998
71554
87647
130711
69411
113190
112157
47117
60566
48231
112999
59907
26012
94295
5078
28529
54636
133678
7825
107923
85025
103121
39610
77685
5522
60109
119925
113374
105818
21246
76438
33890
29112
31544
65028
110195
127244
111607
55662
120789
1933
64444
7100
73505
132351
71518
90115
136199
24345
81474
91701
71143
117225
9393
114821
41162
50725
85285
63408
35128
56194
92230
39838
114585
8897
18013
16400
31884
32094
112811
89742
58318
51558
2912
20415
90114
123736
84764
20907
39309
13363
112722
30212
108299
30623
79964
62606
27044
78157
53636
17240
28533
73268
60238
67867
15013
76154
62415
68991
57394
79000
51124
24095
117587
41130
31405
44408
44921
93661
128226
110859
104825
85528
111926
14381
83147
127265
111117
90959
46955
62614
56059
129627
134389
27293
138206
134866
129979
28319
66272
96357
99866
103279
95860
73127
16156
125583
21598
25974
6235
73024
90356
25500
102768
28966
36152
79472
105890
122181
112000
60014
95286
67987
39602
3033
120073
103732
105515
24022
28828
24982
65891
106420
131754
99481
2657
52356
32051
72834
35889
45713
41325
126211
107983
64851
123208
99366
110935
22086
31653
35665
85119
77644
92917
84819
42977
89724
72342
108713
102620
6089
92685
124533
85479
129026
60465
41117
106103
91818
69082
39319
55549
30995
117045
64783
94654
85069
14552
51946
93320
59897
113178
55330
41551
17082
72707
34208
844
50791
70420
15837
71772
125964
102965
36811
66133
86972
38174
82683
100477
109451
20425
119336
101555
19885
30356
119937
132927
56252
26437
96819
20550
112897
52569
9196
66166
32565
93654
46837
737
66099
2148
100703
13709
90828
30183
28764
117244
48661
92395
18736
27294
97170
101597
61737
75271
133489
133206
14682
129671
80043
28970
133853
67212
50162
102744
26313
111318
35289
49275
45912
46140
54651
61700
93093
6300
24068
116253
98234
54806
16901
31014
37477
109846
68511
9222
43781
70802
57385
137400
94771
101109
88421
120765
33053
46781
23054
135978
105014
131394
48065
76290
128345
94019
46814
119605
123832
40392
51882
128009
73399
751
54910
25330
29265
115488
11622
43847
84159
111891
45496
119371
46623
7996
90735
82740
24828
106547
35011
16440
15043
128326
124416
58099
123410
82450
54384
11711
127779
29487
94163
121863
16787
64903
45144
18495
3495
93100
129466
4209
33337
46338
129201
17508
101159
55476
79671
74956
127178
96058
49196
119533
115389
1899
36923
18130
106498
37123
118011
95436
52839
86517
45893
82391
99341
93459
9414
5254
38671
38456
117652
41175
68790
31245
123948
85953
48277
18646
94693
32569
37967
15122
57825
10085
47113
111599
13756
19420
81419
115640
111550
31201
34423
42890
46999
77071
49500
113531
99563
78070
12193
75818
115477
39817
102167
135775
28540
137159
68718
82159
30352
70448
34076
56176
107580
68243
232
41883
32298
117205
108247
19012
45110
10734
74416
116213
122125
68354
52732
71302
55905
91437
108361
19234
33500
21074
55009
53542
37646
94330
5003
89111
63440
87189
2259
129397
103990
117570
4752
118851
19492
30277
32822
133662
100511
42156
90861
8840
11845
93338
52230
20482
131009
35637
132477
81155
87351
56610
116327
49827
41554
60025
72808
1646
35474
105027
16374
64340
76664
52335
87959
128963
18358
31469
41197
70368
70520
544
94117
13713
135255
12061
29192
50947
127455
101988
54555
39230
5828
45451
8703
9803
133480
68020
113224
43344
47543
83218
7986
110311
111831
84122
1690
115977
97834
27889
34880
108206
109618
93694
86524
40215
11077
7414
88954
351
21235
70621
36687
3414
109439
126955
111537
100899
111229
23139
123318
111262
91599
54942
5389
90697
63220
102021
19897
56994
55700
73572
70178
29330
71619
11093
22832
27654
134092
123370
23858
26149
59490
93160
89090
34797
127557
42599
31972
105785
86827
107359
69864
88275
1122
5206
116250
102296
3438
112720
30754
115181
58338
23576
4607
87453
70388
136302
72471
82725
2807
31458
67196
13794
131125
111145
37843
68249
112248
63591
54563
118839
104858
127937
71476
25839
40454
61036
69023
103796
15551
86698
46643
83673
55051
134669
65080
96642
59070
99706
980
78109
134442
4684
11574
41139
7113
22315
95886
112506
80794
85809
118936
13096
100906
97924
87752
66116
93865
79666
9570
104809
84522
80402
93383
32725
5228
113621
59834
67265
28108
35853
7893
80274
116401
44638
8019
69532
97716
136313
28311
3878
9515
136016
43046
60179
121339
40220
75949
21444
92681
7751
99885
39739
1408
32470
21973
88259
101410
129915
59331
90503
86453
3382
80524
32688
7486
12629
8798
114492
121417
31393
29541
13881
3737
39064
28450
93378
63519
104836
16447
109911
56457
86118
19664
134665
8119
56240
26525
118720
51862
125745
11270
19598
136359
14673
63495
14757
7914
98689
8837
63244
52359
72339
71179
32098
60932
103655
115663
128071
134879
22143
132326
58103
102612
64278
108808
116082
28115
40799
76561
2093
7299
102887
127295
40665
82543
129853
50965
75244
14005
112085
110574
65908
106723
15939
96308
35836
1372
19888
4078
70554
115762
77802
4577
108736
94091
90694
96233
67850
113234
35340
62405
41874
89097
103615
48295
69601
103508
6304
8280
50027
111540
63716
100530
56224
136611
133709
44593
66453
55870
56954
58221
33489
79039
67108
73690
82437
65654
126257
65158
83066
77776
85373
114682
23671
90873
74272
59682
26007
100720
63491
54381
93876
105071
133461
105400
85299
5509
85991
59319
8590
100607
90096
122205
127454
12605
37706
54083
20218
103899
65538
68958
137843
37313
704
111589
118984
2066
22270
134206
109201
14010
65592
55868
68982
130528
15028
72308
92431
42561
1059
84178
24732
73278
39109
30423
104620
106360
65676
90303
317
16773
43762
67181
74167
56699
93655
69543
56361
22015
101496
123980
79588
75645
16642
123873
73507
72192
27905
11983
106996
67948
48922
106133
125048
66215
21795
6920
33423
133413
5417
102741
65436
88179
81215
52161
16417
41062
7738
43760
6386
45356
87878
56814
89028
113949
127186
115355
29195
19913
22348
127269
66328
55341
132991
15732
13037
7119
53620
9482
41506
131409
126334
5918
44381
29141
29033
15560
41252
69081
14653
23607
96463
115601
84539
137019
57775
40617
94466
119174
74209
121394
126171
106779
65166
42136
25814
103897
3277
124535
93312
22955
45440
15665
69011
95173
81146
98353
83870
61100
115858
134977
83322
126270
134700
50307
93571
94079
43943
73482
83163
137933
121701
38515
61296
5114
136137
50699
44001
76597
108609
104771
127522
8091
7615
67437
94616
15615
68310
136472
94189
18825
57783
116959
108278
110133
126370
111048
63415
57375
88923
69003
113214
93585
97090
5257
109164
71086
97030
29504
43766
134829
100799
35930
82177
130925
24621
62404
34194
137062
50640
39803
62511
79079
120586
59903
7179
73996
24973
48804
58712
110035
11241
105735
4920
129050
41940
58887
80286
91687
46755
69867
17552
81281
59480
16829
40694
121229
116121
126835
80610
23911
99638
8046
28665
104781
97155
20444
120281
32340
34676
57540
105888
48582
38603
100379
101468
81214
21538
101956
44452
6684
98501
45146
106446
89241
112941
36537
28153
131165
125556
88434
90582
89195
9031
48041
88456
66856
100606
12843
89904
71284
77817
131233
91387
109733
130141
68490
94038
3205
61329
111026
120640
99770
84373
137140
47629
29372
75010
130182
123615
123999
133750
51842
354
12857
32368
3463
103884
31147
101604
73423
135187
13392
87773
17681
47596
92039
113140
328
56678
36712
60499
35519
114452
76160
112552
44645
53550
118697
29884
42517
19953
3950
92717
124881
89562
77320
65316
97807
63755
134695
40235
41535
35731
83575
53976
126128
93426
10668
31290
31107
4412
14768
87
106226
62336
4520
25176
72594
20439
98273
115922
160
38450
41867
117793
38044
52582
1124
106962
56514
137522
136864
111782
36955
49017
92078
1223
9137
15075
96221
62699
97866
116183
25163
3918
63554
16769
126644
23314
49724
26581
79416
20061
113644
8268
67182
7015
6804
101630
8742
57225
108284
46951
67471
120698
117217
115688
49968
43563
105956
113437
27900
119934
95606
106272
91272
72348
53612
134613
95555
77587
102709
11026
69651
29482
41028
8525
134596
16907
127625
34693
56808
8561
6041
112710
124531
36769
137871
90187
64934
12274
3627
55864
75841
86336
64861
34086
96690
100572
38324
52560
28352
14509
67387
138108
19439
127610
82937
7205
122820
132507
47201
47755
55581
61636
89987
59949
115497
122104
53306
75359
108324
120799
115263
107184
11257
84753
60341
31864
17662
120279
73824
85319
91583
120914
72029
20510
12254
65532
69579
125441
54585
110101
137980
111310
84238
58161
65684
73222
138042
51456
91067
8764
68502
48197
13989
36686
60674
116383
84312
53459
99200
101676
122201
9237
82412
111152
46041
118522
77640
83363
76128
26731
126933
112324
128555
2384
19542
105136
50181
67442
131934
81033
108027
61560
11418
102156
41342
62860
136951
26262
19137
102664
222
117746
9485
111395
1428
22439
129684
66760
30813
24173
83279
29224
33874
64380
18255
55814
123157
57460
89064
115281
17443
47698
104969
107009
132989
103419
91505
18715
45851
60458
129771
113784
66136
115139
74307
61035
114848
20335
9645
46914
47778
56461
11405
100300
127760
76064
104891
68821
84991
132000
50817
200
7500
73347
28298
47998
8291
29553
42520
23057
39631
100313
105419
129610
43281
106049
103340
49146
130248
101670
54712
72677
7375
17657
72380
138073
82513
55238
118030
9731
126193
63829
12576
134329
78697
128762
86576
66772
22301
58115
17471
81814
69004
99682
77133
57550
121618
81405
123855
97681
114901
24144
57774
129934
14319
63722
27062
50345
128150
14881
136473
1339
120286
118590
31681
28825
137409
35935
61876
10890
13829
33388
7623
116071
43225
14523
47254
48317
95771
4153
116882
47396
16250
123558
100922
46583
36884
64932
109839
27895
55963
108392
6106
124195
72434
44215
37589
14020
79048
6327
20118
101854
114449
134836
49092
134120
31401
79806
3360
129125
72074
52843
9626
66375
84335
120520
80843
103962
104095
67822
115699
105038
5444
60494
75352
133715
101568
53606
43221
106128
97901
14969
22016
58378
114316
52716
71815
122090
110572
68038
36080
39207
82365
64814
127389
98012
69352
101304
57412
80882
84920
36133
76422
46619
76663
42714
32010
51817
117117
45568
37434
35146
4410
89948
8923
2074
47484
112481
55689
24735
112431
45586
119571
91650
29494
25996
3088
48999
40680
128528
130269
66300
133598
19392
36772
138481
136406
3503
124636
116449
67795
5465
122761
59476
125277
5393
130719
121891
121977
25380
131186
38011
58914
101908
113
60561
33321
119288
14337
133197
106402
42392
84134
79628
99197
76129
91526
82922
63606
114469
89625
60436
47411
24204
45695
28368
64042
85966
83607
42315
131392
97264
103135
50464
63044
91896
42934
102814
49979
12390
122849
111488
6285
17936
5656
66550
3164
123341
42624
39859
21106
1114
106291
131463
26590
128201
135015
84694
35559
47782
49290
136292
12002
64809
47237
50031
43999
85376
57695
92506
37671
76305
16635
49441
133010
73959
60611
138482
108098
71705
92153
36986
76380
73848
3877
129693
94557
64127
124241
113123
32593
25800
6011
33688
6120
762
37612
11040
107827
116583
87070
15897
8147
88636
59330
24903
124410
117713
94901
112551
7665
83998
50946
28743
25021
68843
81555
108514
133763
19335
111697
122027
20671
124745
4192
93744
122792
119006
52472
67000
74656
38173
87388
129340
10971
104964
113066
84562
9080
22366
86727
62163
570
116710
99575
11368
77448
47014
73933
534
18001
2075
93981
36948
87457
833
58192
6842
97910
70509
39192
34277
81686
34761
90306
53056
5047
20962
63378
84339
137909
43641
51285
129096
86459
60663
137738
96055
33957
91549
127472
20970
126167
83454
24439
46419
112489
88466
119730
24762
50657
92280
122919
119360
132249
124342
61447
24274
31967
128715
105490
50954
137619
65381
83304
42031
58721
92304
17666
20020
108562
4097
31127
60265
27463
30934
10312
108967
136095
2689
71911
107186
78043
97811
37711
15614
110140
108260
40042
39475
109231
131384
64748
125481
53488
129772
14194
56969
84637
42326
106703
45307
18336
87526
130426
108212
89274
2722
96616
125900
58989
63544
42437
130572
72265
96916
92490
120978
116996
68013
3640
3362
122678
111479
43525
51386
94779
1742
7438
77171
28646
5396
95368
63527
119326
69462
33273
89537
124447
97637
101993
122256
68178
45675
110088
24080
95952
68731
81272
3074
113029
136381
56172
23394
25332
94275
15258
39087
138082
92246
55678
47774
120031
97760
10399
87018
80520
106808
123516
51660
16540
82474
63975
22234
106605
8023
69709
137771
12454
83013
34682
91510
69634
21161
126124
25187
78298
103607
32316
12256
44196
58327
75390
63916
31985
23280
47815
18831
122055
110763
86645
74837
10599
18525
4508
71388
52591
22565
133911
103079
130358
137564
72754
88116
52791
43836
72147
136333
116080
62167
90294
70428
135885
17908
15003
77899
104745
73187
54334
70342
124261
109548
122062
72031
30717
31059
4728
103625
49773
26349
26910
87881
40998
75366
91478
45632
121213
134718
118098
61372
43886
22544
18601
1051
35281
13876
98339
102393
134781
104353
39281
88303
58205
32052
47184
90820
46539
48025
47751
109857
131508
18459
79042
42869
135695
136637
19484
12988
99554
133313
91707
94182
90004
44209
39623
33662
37921
75514
62782
52414
73082
42119
13676
60169
94312
6885
32415
96319
67103
102340
123630
59518
63103
44325
132110
58199
131828
84529
60204
131751
106762
56079
113130
102343
13492
101636
78118
39290
100972
21321
64606
52645
1678
129815
77557
127514
107404
6231
8266
24329
79298
37749
73679
4229
25144
90556
95966
58997
96638
52903
128556
8598
97029
135417
57313
100365
135768
135515
19469
30162
47304
97061
35793
86569
96246
93740
33647
13182
44522
80004
102899
132757
114430
46296
106574
46275
94556
99119
136026
61629
68798
11924
7633
12621
54704
57881
27782
80963
130933
73931
11899
19688
76631
98442
58658
51432
74891
70047
63632
39605
87154
61225
108363
5529
11782
71904
19222
21648
75589
64717
22809
101401
68340
38831
134121
103712
73710
17573
65373
57479
36675
134873
8497
79163
41859
39518
138250
59515
889
121453
3037
87399
50986
116315
45982
941
122031
132721
114395
61051
55793
109260
83382
116209
43154
55990
743
45639
49753
124352
56263
10879
32227
64738
49981
132809
16582
86090
92425
12530
64021
87646
6677
133223
17033
131262
68416
13310
91889
73204
119927
8708
21160
113691
133379
62146
4046
116068
83927
20150
91651
97768
9987
62683
117696
105240
121673
124077
127711
11781
47005
35610
66125
101598
35274
62136
132683
95442
35746
77884
135536
60094
104610
94357
4838
46119
94783
45701
49634
52234
24727
18199
89167
21835
121356
128422
3059
51014
66326
123406
1085
108180
109389
12760
40416
105907
112367
6681
109021
96377
112607
56608
69778
121353
74451
25679
94078
83352
72571
48894
34722
13555
93184
81337
17057
96488
19485
105549
58342
17127
40317
138306
11987
4054
79528
30861
138040
41941
35097
30456
96123
54368
45103
13388
107218
81614
133292
74999
130230
82984
10507
83416
123272
105604
137078
50248
101299
27911
57399
97238
91260
31490
131374
7163
82003
133956
46868
102693
119784
15616
13673
38252
43970
88738
97862
33550
34461
64553
100723
80315
124953
91024
74703
25108
68466
64223
116894
77166
87497
122315
81994
90023
37611
74705
19033
33642
13490
100464
7331
17789
91955
40735
67881
112571
109518
102787
25678
130302
59163
85316
106850
102561
80582
81798
102574
136592
110022
77781
49993
66163
77153
73670
33413
80100
122245
53301
105223
80178
96173
135431
127852
87961
131056
7460
44518
52392
4477
121415
25600
118101
36058
14868
746
118514
88223
132377
137307
27135
132439
50737
13519
36497
84660
131012
62255
31162
110889
116708
120220
96149
91354
92269
87782
62440
134931
95016
33873
103045
124666
66429
81907
111644
75345
103438
71146
7505
109551
113890
126544
75982
61518
87585
2378
92618
102407
29443
99551
87090
28262
115254
111950
118567
113473
72680
88226
95269
86505
109079
51035
16915
110644
42172
125475
49838
43929
52780
34574
126786
32476
122258
61228
134993
2497
10014
73801
125829
109026
56709
129274
59282
42641
71628
4425
79970
6220
19886
122631
79495
116870
34702
99244
21672
24987
87711
67065
70787
11514
50728
108445
116885
135253
26871
124615
67241
7788
110370
136777
11707
129975
42884
118995
114665
127002
81143
61060
42355
38407
18528
119932
103488
64402
92052
102417
16887
47087
42445
57378
49023
133019
123877
24252
113392
137158
31505
32238
14564
99609
11511
19436
33830
101975
77091
114698
101754
54644
12128
53373
32062
135389
96299
47427
7218
78503
57349
97334
49269
69848
37763
43575
35848
107302
84218
33663
114544
25087
854
22986
76777
76454
118540
50254
99464
48781
41349
13613
121597
44070
98683
8339
78878
2471
127905
124104
19721
76219
117767
129933
79796
3549
71182
125665
135470
47536
75864
3274
61379
124383
137056
86483
74927
67345
124965
65338
118807
46407
18990
17376
47677
77098
84170
37138
49245
3506
79146
104885
11538
121291
34357
123489
70462
109960
128521
104508
37159
44702
36436
109634
910
102616
134545
137201
60061
130697
61311
93561
25949
32993
60581
49766
124897
119374
86159
8182
53089
42478
491
128502
51488
113809
64341
137573
70143
41273
19301
123578
23762
116770
95389
21149
38678
127386
5460
61890
31501
18767
35322
111503
71202
242
121123
16782
128274
76706
31890
50471
117083
132716
43756
109913
74752
122426
81577
137214
132190
58397
122248
120204
60718
94947
65306
69920
50818
38601
387
40047
82390
1374
101527
127926
104205
116015
117178
9690
50979
101595
116756
121286
76119
46187
84567
34995
136947
10846
54820
135926
64948
85073
10843
87152
63930
77413
127355
909
39709
66763
132392
111645
2640
109734
28576
117076
87520
59029
19090
119286
65603
123412
16794
96350
138436
32299
90662
21729
64412
107717
135081
80123
10841
67607
126462
73900
106298
78228
116743
44296
109503
113412
101567
7340
124014
6018
110206
6207
49662
21577
130119
62467
29895
108804
107523
83856
93798
76637
47446
107420
34592
29529
53452
134138
91660
109245
106793
33849
70992
108408
136394
127954
39031
84204
4538
16923
117410
48466
26257
82991
27805
133699
421
13629
129168
82854
93953
128264
80045
40815
127864
19790
78303
131275
110640
6289
105585
132578
11723
120750
34233
81746
70085
45652
120609
35127
51352
126459
45083
29394
71865
123461
81104
31670
8013
137842
69025
115912
80169
10076
99203
34754
17109
125039
115633
119667
53127
78022
82260
17171
19556
36731
136769
66177
78784
127989
132756
128876
27301
60650
2287
38694
57829
134027
43075
133289
97733
130620
40147
66885
15221
62098
1121
96811
117825
57948
79781
103572
127749
31812
128386
134452
46160
98686
23211
66786
98859
136049
55735
21843
101874
2273
94405
87322
77991
65350
15312
48743
62164
93430
62607
87901
63177
54399
101461
76009
1075
35934
59125
51107
87148
101502
12921
55423
14221
126150
55024
106462
11384
22174
116142
73914
135914
23388
61312
113845
83195
78438
129195
125660
112237
39496
133659
125482
26458
31256
18322
9939
108242
80612
98198
72561
88654
109875
119352
21550
51330
11009
27828
113249
14158
12941
22444
26351
126194
34273
126139
33571
92843
95776
74937
54885
57091
89726
73384
38258
102330
50600
90638
117046
19333
119777
55308
17189
133746
131580
105066
103978
56630
65759
1624
47654
19214
10605
113369
123023
131008
6673
61303
81676
120717
89429
87721
130909
122135
51794
23360
105791
23725
10913
13160
34847
16858
97730
84798
116103
23825
74149
971
22379
80780
104041
130178
4729
136213
72906
76855
97795
61075
4194
64399
123015
71334
84869
67498
14609
48488
9656
99181
67561
5446
5830
130237
21653
57372
30090
25633
1298
71621
98221
84422
71475
44843
16578
135169
16388
48759
93021
21581
101893
34123
1184
34181
131031
36909
68411
99458
116948
28968
94580
83486
46632
118826
21409
1625
2141
119037
13423
15864
23120
16436
89344
101027
96698
727
78478
52206
50576
59619
90892
104761
9416
90227
124418
8965
74046
136229
13211
21242
56828
7229
76565
75059
91769
84587
133836
18289
69325
19449
41173
115689
93443
35727
101927
113335
4672
89711
105532
106130
46852
121207
64904
80500
121567
85824
29719
59164
99305
91013
52938
698
5070
19566
86826
88304
101226
5009
76082
18167
32261
56470
50871
1514
114465
61321
132891
4408
46046
109589
63375
72908
127653
92323
133847
109136
131550
84880
30312
134902
32800
130109
38540
104324
47185
14820
133683
91868
31011
129852
98667
33088
126006
83421
93677
108796
88206
43708
81335
56189
136263
17712
91580
34026
45291
3752
77335
133250
116971
20075
133862
130115
61958
127193
70191
127679
111718
83439
26471
117015
137203
86847
101473
38317
117747
44601
24198
48332
97140
104006
135134
41612
133408
57799
61997
119048
36889
26485
41795
116588
31115
49974
3355
100037
76910
136430
77084
137659
92318
50541
38280
25569
49270
118532
41569
23670
84277
110228
1781
79318
73270
115700
119550
75787
76594
78206
47423
100793
50884
129255
22522
13563
244
53719
57968
20265
90280
44497
77917
68280
43562
28958
35737
100636
95561
104895
7426
17503
101377
74697
25156
25845
43974
12920
100679
1655
110834
136878
19539
40605
70392
41142
8645
129484
109628
83831
27410
38855
83992
129851
71732
8774
42100
102420
132693
77843
28986
23534
124720
137824
27329
69850
30980
101249
40739
108468
111902
111305
124629
104944
105113
17206
138254
115445
61355
78532
28874
107059
127237
16203
54463
39167
68854
38521
135546
65722
38327
5029
119365
17074
29348
44817
109196
109225
118227
121193
20636
88477
113616
110797
69880
80183
61316
52921
36199
132002
80170
50546
93042
5682
78187
7553
62539
100713
132828
91649
65821
34480
74350
75485
24964
32450
91536
40692
115461
117149
130423
109996
113828
41014
132188
76652
75018
132277
131111
44990
112077
109400
15132
125548
8342
91084
87809
36879
3903
69328
110510
94587
27123
39358
40499
39320
58742
32037
110974
30300
135814
13863
51601
21882
32257
95968
78522
98311
964
54431
59447
52015
125137
108479
13158
118421
77616
51753
87745
10135
9703
36509
38591
106916
55044
76924
82824
15154
65671
22569
6537
59269
99730
46934
3974
122069
101322
127770
49926
55275
73581
112943
135562
105154
84574
71588
48350
47398
93000
54663
12593
53495
108807
42250
48843
81516
33464
27998
105588
6625
72310
50702
91477
118112
134651
80104
94542
43574
1397
114562
50241
4726
54622
25009
123320
120970
51162
84939
44169
40898
23821
55001
68089
124470
67027
17347
107672
63138
89179
12519
59496
75964
44313
61337
26681
128048
19200
117275
2872
32195
17435
52377
65153
29675
94540
8714
59677
56234
47263
127976
44425
65416
122781
102203
56863
53618
48081
85000
134045
17588
62575
51350
100326
112740
13782
133543
60725
13386
56284
135116
48560
34655
112098
17596
8223
125175
5891
30786
2049
99864
108551
8020
94975
60336
104271
525
115345
32763
7495
24595
90610
55387
114783
24555
126483
64466
54467
3013
30172
135181
60774
11853
81980
13870
39844
3821
106150
101483
96416
106486
78201
53134
87617
22656
130609
66160
96640
138468
2421
89061
122262
104390
42614
116931
11971
113401
16701
104447
2429
98004
42941
69582
2513
37888
29917
55888
37371
16316
131767
24065
137839
41731
59919
54724
62166
96788
34947
6160
29004
40877
96983
53549
24371
2621
31698
100824
109055
52482
38457
9960
113244
46289
45993
109137
11555
114728
62692
112983
77020
59077
39097
74333
28221
63264
94810
52312
65276
94090
103176
34981
40702
108071
47910
127108
70314
34926
65303
133493
114236
86361
125021
18295
43511
117908
8167
114519
76257
86545
42408
137220
70099
16412
103460
87713
60918
92366
58828
29075
47802
81620
52024
114349
98818
114936
48839
94039
39484
83809
129546
35126
87845
29031
66032
14169
7382
127327
14204
118898
73321
82982
122057
102229
52503
92440
117133
87098
10948
6499
50912
125301
122455
16047
53660
409
9999
90531
56818
119369
21509
4836
83755
26617
125810
40972
30698
113348
119742
42538
137615
112666
43339
3383
23022
12508
47231
27647
80840
31936
66921
64620
54253
9864
67744
125275
97491
24866
2530
137575
84291
117851
106281
4660
97939
48609
128107
95648
5086
14493
89263
127761
83269
137340
19607
24416
49212
48333
91910
126886
121868
67115
99683
12949
105431
85447
23260
133999
120276
120009
13422
122511
98307
3742
24736
124005
129305
100611
115638
17511
88938
53523
72011
85181
42378
23512
41413
40818
122793
21547
81894
19501
16040
120771
4460
39268
12743
130981
88770
136378
39767
131997
118204
66339
12958
67461
104113
9653
120257
17886
32554
92127
129488
81842
113068
107444
93051
66060
63987
45424
28643
114139
24841
11807
88676
117103
134752
106803
36557
10975
72152
73741
106939
126206
44791
56789
102369
37127
135230
75329
48355
15245
11263
19938
28081
125988
77984
58912
45322
23466
4244
99495
21919
4734
65110
103511
101480
93331
17627
77327
93036
118206
699
19173
138373
18077
18764
97175
110780
46201
25221
57333
71056
93075
91570
74760
132388
82445
12859
122265
98193
48708
2332
35534
28988
60935
55926
78622
89301
74561
4042
11615
126004
109703
68954
74164
95552
7022
123512
86300
26327
116370
37083
62082
130021
14485
117396
2112
30043
105666
44680
65666
108568
107546
25052
27621
3942
5125
25091
89236
88284
41302
17682
80874
90245
137165
62476
20995
110567
62807
125305
108356
38175
28551
93341
59763
8799
102695
65630
122829
99658
109966
80307
19273
105846
110083
123620
82161
16630
28567
121169
43803
99068
51602
20291
56563
5154
45795
114677
95816
14594
7101
114048
43949
127297
101302
68397
118433
130774
135748
70551
127833
87092
59927
44472
10441
96289
23810
22593
134347
126191
122136
95890
110655
8920
48826
29525
83366
78155
47476
34434
104935
31317
60747
84737
80172
83727
44465
9118
85053
106654
14316
56012
126523
91843
54419
79627
57539
123165
58248
19747
48964
129477
61559
80196
44595
109149
9736
1360
85235
130739
27677
22167
65146
95726
127547
24996
95705
12123
101991
106336
113942
97759
84561
85583
33165
34931
51596
97506
100874
42356
45884
25768
77463
15745
60145
18419
16814
21515
35279
84355
35414
33453
43468
25831
137763
136983
53450
133555
109474
64364
132853
116629
105459
5361
51931
86574
120785
70705
58402
59945
32502
109653
48827
133909
4191
66788
45414
50253
8719
82135
46449
22734
70363
17030
55882
9595
121758
48925
86971
122208
10148
112495
134898
117612
65027
93114
86798
71079
126731
46450
8152
75552
44223
86473
109725
86783
112153
90529
42043
80155
72562
72894
54814
51254
70694
59743
70336
73978
31545
57276
35085
55636
89618
15737
78766
71887
115906
82536
67452
44468
137768
29886
23072
38954
36098
134096
51052
16329
53919
17827
86831
114846
27461
106515
49907
136757
98093
133646
109892
67192
94752
20261
35026
45358
112402
99264
96777
118136
103302
91196
27071
36898
124490
51504
108515
64221
29506
7046
83931
98285
4028
138202
40638
22005
76712
60401
963
10816
97472
30850
61492
33838
94018
124276
133565
52471
130698
11651
30167
53435
40969
115396
73479
17930
101229
43736
121426
7691
80608
39573
106344
91523
75144
55840
126217
28274
20802
5241
52435
104349
52410
98109
45606
37377
48003
13637
109899
38273
31495
87978
13123
103539
59470
20019
7278
69257
7890
606
10035
42259
95849
67190
61087
132257
106285
43177
77712
32211
94821
111933
84788
54401
75663
76650
91952
59902
86741
127640
126737
18548
123728
32351
25802
16503
56979
61844
120744
107275
29669
12011
67398
128813
75378
35173
54655
89421
102992
19336
38145
86560
28902
129155
18375
3571
18367
119715
12895
49272
74061
20493
93332
73200
37906
134608
51184
20364
115641
36939
104473
72745
87923
81743
32050
48684
10953
112662
127185
6756
122124
49651
92167
118220
127284
104605
29527
132915
83093
16425
32592
41951
19496
21918
50153
50949
76362
35895
60121
100924
14297
51544
95522
106622
120391
33815
123196
30920
105271
75204
122973
10475
82998
77993
101290
2712
2913
60834
17036
88023
137613
76940
68978
49934
134967
57891
101729
63515
25240
91890
11661
37501
16520
92191
7612
79757
68549
121995
57874
16929
17140
3410
63739
122520
132093
76282
95294
137577
61072
34197
62649
6802
24933
129403
137042
65718
23477
68202
3510
65359
128405
121804
29899
133867
76421
79780
50220
68436
66483
13268
103771
99047
60903
3388
129267
132475
124660
105040
1037
3913
84581
102193
127748
76689
117453
137382
72599
35556
58931
22352
68463
84058
33125
78725
91337
1104
95927
17602
8977
114816
34593
23664
23354
67517
39425
55641
51881
68806
94072
101892
112001
105544
35937
39039
24010
112653
12717
24834
76720
6370
12694
56165
71403
20221
4262
69337
112439
111805
52263
51173
52783
86227
117811
42636
135468
84937
64178
113236
51811
9671
82538
47339
56350
101593
78282
126330
131040
95345
18717
9050
106630
96161
79864
138191
125483
96461
136625
19724
80999
98147
105586
95623
49266
5080
114845
132902
41641
30637
71770
58170
98641
66637
103001
1734
61109
84743
67460
110887
93831
97297
28824
19776
127258
121893
59694
15170
48266
110428
57747
24648
2323
120832
67285
137195
22562
2516
38471
32891
30248
19140
36405
188
136159
31617
108783
22963
100126
103907
97743
1437
56663
81264
126620
70623
117079
43912
51278
58917
30304
37047
130768
53987
136987
78710
65363
1024
47268
15104
47580
38095
38063
18482
75498
60422
14019
17130
26009
117876
126951
113581
128414
22391
72217
71277
6186
134185
43438
6303
98930
130956
45607
55252
3404
14616
77926
130683
77373
117261
71633
137072
85345
100655
110505
132773
137777
49115
17063
45381
133753
121609
137499
65104
80621
132459
97507
99977
2268
36521
11221
124850
39601
76826
2451
66460
18877
73683
93291
83407
122141
97267
9665
24372
9629
114946
62954
111848
41500
86509
87948
23889
58517
46826
91848
27882
69241
31766
40241
66418
129995
50
44657
76921
127639
123072
77108
113729
18210
18828
50404
88505
19249
108641
80875
114023
126798
23513
67716
77851
124421
20552
134835
68889
33877
16099
9279
136874
120087
137885
134705
48496
558
81644
105641
28403
10279
60165
86731
93403
74988
130778
88050
101599
55369
38956
104276
81924
20926
294
90903
114534
23849
106148
39263
31472
46739
120909
120461
97540
52953
93389
89315
77855
88685
72322
71474
61301
115230
53376
97932
19128
126074
55993
48194
17042
111112
101699
109896
76000
89763
125412
39335
95370
108136
129084
53444
124182
111512
41297
27451
12726
47533
19772
137022
39796
7498
31302
127189
21824
85103
79100
103473
4289
135485
121231
76151
55113
15629
16218
51691
33881
3707
117066
111655
59410
104155
89273
119388
125019
122271
54196
80654
71789
117516
93157
22716
38547
110863
52992
74168
59879
11382
94823
39381
23004
37015
95971
58369
121568
113172
131273
64518
123887
21604
115069
98699
109197
119367
138287
67870
77152
42267
99002
58480
105762
106452
28413
27403
100587
117346
42828
6815
78656
45213
546
61551
131322
25339
88243
58785
113738
27282
32324
98857
122906
49405
54559
125921
38827
116144
28732
130165
9992
70256
7418
132684
128168
3719
67781
47926
7896
128315
50718
17334
135425
6419
2892
29616
128588
82100
79090
11090
92585
32163
108226
3629
85769
56651
120397
105317
100900
103193
80299
110618
98379
70658
126233
96086
77446
45796
133518
129354
35305
61365
93149
87109
126084
92936
88760
49825
19272
15656
121197
107363
125210
81895
106911
21254
6824
21611
102677
128596
52687
39926
53888
905
24208
83899
39033
27272
24125
87367
108890
73393
63780
12620
107215
121813
33557
684
85693
41724
43174
64630
68455
20650
11338
62491
91839
115693
64796
117584
62652
129109
54397
23590
51555
93947
133713
2195
16663
96317
54389
125374
136054
30886
85510
134921
35086
125653
103356
22521
64688
44491
64418
50442
43822
112651
83858
12759
49459
126044
100430
28878
38677
113119
30039
5883
46996
86689
67331
78265
133393
127698
42394
72775
118547
101372
127491
12806
137558
110535
7987
98796
133073
111995
7988
22579
16920
98678
8571
118967
69496
82648
37020
123038
54261
81997
100376
74906
70017
131219
96897
68001
77696
138322
99185
111394
129414
97313
80454
72149
27330
30800
2237
42379
63405
66489
128373
114975
41753
130188
113299
125970
32643
20087
2110
136122
24819
18673
98983
76793
42751
56160
61943
80198
103722
20134
43544
48322
76251
95221
43695
102819
66440
87634
98312
131873
135231
136021
97744
69776
60784
32838
87797
125767
115438
1111
3294
60415
1788
26057
111250
86393
47990
125826
52204
88291
110627
51438
96981
35643
37950
12291
132700
48312
35328
55057
93374
51541
10095
102580
79486
86507
79943
82352
12296
35550
26224
80937
8265
61240
137300
136647
2342
53477
111149
31023
136961
120063
101625
63218
27054
6872
32422
92755
123122
66720
84403
137764
39818
116376
89029
14607
136183
38198
1928
87451
43303
78405
132975
46906
120455
106157
33434
110448
128747
36372
